image: Real_rapido_cartograph.pgm
resolution: 0.050000
origin: [-3.405598, -1.669179, 0.000000]
negate: 0
occupied_thresh: 0.65
free_thresh: 0.196

