image: Real_Rapido_karto.pgm
resolution: 0.050000
origin: [-10.929304, -4.307059, 0.000000]
negate: 0
occupied_thresh: 0.65
free_thresh: 0.196

