image: Real_fast_cartographer.pgm
resolution: 0.050000
origin: [-2.197005, -0.857088, 0.000000]
negate: 0
occupied_thresh: 0.65
free_thresh: 0.196

