image: Real_fast_karto.pgm
resolution: 0.050000
origin: [-3.059821, -0.365782, 0.000000]
negate: 0
occupied_thresh: 0.65
free_thresh: 0.196

