image: Real_lento_cartographer.pgm
resolution: 0.050000
origin: [-0.709171, -3.531975, 0.000000]
negate: 0
occupied_thresh: 0.65
free_thresh: 0.196

